                                                                                          
                                                                                          
                                                                                          
                                                                                          
                                                                                          
                                  71        71        17                                  
                                  23        32        32                                  
                                73223     732237     32237                                
                               737  731  737  731  137  737                               
                                       7    13   77                                       
                                    1722221 33  1543 7                                    
                                  73555237  327 7333542                                   
                                 155521     357    722333                                 
                                32422733233325333223 3444                                 
                                25327  337  257 733    3331                               
                              722443  37 37 257 3 73  74442                               
                               25251 3311137257311133  7337                               
                              732553  32223 257122227 744447                              
                               155551     73553       71227                               
                               7335357      227      344217                               
                            77  1255552     257    3135443  77                            
                        7532233  73332257   227   34453    3222251                        
                        7452222227732555735733 33754443 7553332547                        
                           125445451    7332233251    754569523                           
                            15995555451    7777    75455559943                            
                             73214455544445555554445455463337                             
                                  7344455555555555554437                                  
                                      71325466452317                                      
                                                                                          
                             ==BANK DATA INTELIJEN KEJAKSAAN==
                               --->>>(BDI Backend API)<<<---                                            
                                                                                          
                                                                                          
                                                                                          